# year month day f107 kp
2014  6  1  103  1.0
2014  6  2  105  1.0
2014  6  3  107  1.0
2014  6  4  105  1.0
2014  6  5  111  1.0
2014  6  6  133  1.0
2014  6  7  137  2.0
2014  6  8  149  5.0
2014  6  9  161  1.0
2014  6  10  166  2.0
2014  6  11  168  1.0
2014  6  12  153  1.3
2014  6  13  144  2.0
2014  6  14  144  1.0
2014  6  15  130  1.0
2014  6  16  118  2.0
2014  6  17  114  2.0
2014  6  18  111  2.0
2014  6  19  111  1.0
2014  6  20  103  3.0
2014  6  21  101  1.0
2014  6  22  94  1.0
2014  6  23  93  1.0
2014  6  24  94  1.0
2014  6  25  97  2.0
2014  6  26  100  1.0
2014  6  27  104  2.0
2014  6  28  115  1.0
2014  6  29  126  1.0
2014  6  30  141  1.0
2014  7  1  152  1.0
2014  7  2  169  2.0
2014  7  3  178  1.0
2014  7  4  188  0.0
2014  7  5  193  1.0
2014  7  6  201  1.0
2014  7  7  198  2.0
2014  7  8  201  2.0
2014  7  9  198  2.0
2014  7  10  177  2.0
2014  7  11  166  2.0
2014  7  12  145  1.0
2014  7  13  127  2.0
2014  7  14  109  2.0
2014  7  15  101  2.0
2014  7  16  92  1.0
2014  7  17  89  1.0
2014  7  18  89  1.0
2014  7  19  86  1.0
2014  7  20  87  1.0
2014  7  21  90  2.0
2014  7  22  93  1.0
2014  7  23  99  1.0
2014  7  24  104  1.0
2014  7  25  107  2.0
2014  7  26  117  2.0
2014  7  27  121  1.3
2014  7  28  132  2.7
2014  7  29  142  1.0
2014  7  30  152  1.7
2014  7  31  156  1.3
2014  8  1  168  2.7
2014  8  2  156  2.3
2014  8  3  152  1.7
2014  8  4  139  2.7
2014  8  5  139  2.3
2014  8  6  137  2.0
2014  8  7  136  1.3
2014  8  8  123  2.0
2014  8  9  113  0.7
2014  8  10  108  2.3
2014  8  11  105  2.0
2014  8  12  104  2.0
2014  8  13  103  2.0
2014  8  14  103  1.5
2014  8  15  113  1.5
2014  8  16  112  1.0
2014  8  17  115  3.0
2014  8  18  111  1.0
2014  8  19  111  3.0
2014  8  20  118  2.0
2014  8  21  128  2.7
2014  8  22  126  1.5
2014  8  23  132  1.7
2014  8  24  141  1.3
2014  8  25  135  1.3
2014  8  26  128  2.7
2014  8  27  123  3.3
2014  8  28  119  3.7
2014  8  29  120  3.0
2014  8  30  123  3.0
2014  8  31  125  2.7
2014  9  1  127  2.3
2014  9  2  136  2.3
2014  9  3  138  2.3
2014  9  4  146  2.0
2014  9  5  144  2.0
2014  9  6  157  2.0
2014  9  7  151  1.0
2014  9  8  164  1.0
2014  9  9  159  2.0
2014  9  10  160  1.0
2014  9  11  151  2.0
2014  9  12  152  2.0
2014  9  13  145  2.0
2014  9  14  139  1.0
2014  9  15  133  1.0
2014  9  16  133  1.0
2014  9  17  125  1.0
2014  9  18  120  1.0
2014  9  19  122  3.0
2014  9  20  119  2.0
2014  9  21  124  2.0
2014  9  22  130  3.0
2014  9  23  138  3.0
2014  9  24  145  4.0
2014  9  25  158  3.0
2014  9  26  170  3.0
2014  9  27  181  3.0
2014  9  28  181  3.0
2014  9  29  175  2.0
2014  9  30  162  3.0
2014  10  1  155  2.0
2014  10  2  149  2.0
2014  10  3  137  1.0
2014  10  4  128  1.0
2014  10  5  128  2.0
2014  10  6  130  1.0
2014  10  7  125  1.0
2014  10  8  126  2.0
2014  10  9  119  3.0
2014  10  10  121  1.0
2014  10  11  112  3.0
2014  10  12  111  2.0
2014  10  13  113  2.0
2014  10  14  139  4.0
2014  10  15  126  2.0
2014  10  16  139  2.0
2014  10  17  146  1.0
2014  10  18  160  3.0
2014  10  19  173  2.0
2014  10  20  185  5.0
2014  10  21  199  4.0
2014  10  22  216  3.0
2014  10  23  227  3.0
2014  10  24  218  2.0
2014  10  25  217  2.3
2014  10  26  188  2.3
2014  10  27  188  2.7
2014  10  28  167  3.0
2014  10  29  150  2.0
2014  10  30  140  1.0
2014  10  31  121  2.0
2014  11  1  120  1.7
2014  11  2  124  2.3
2014  11  3  125  2.0
2014  11  4  129  3.3
2014  11  5  135  2.7
2014  11  6  136  2.0
2014  11  7  146  2.3
2014  11  8  132  1.7
2014  11  9  132  2.0
2014  11  10  136  3.0
2014  11  11  142  2.3
2014  11  12  153  2.7
2014  11  13  154  2.0
2014  11  14  161  2.7
2014  11  15  161  3.0
2014  11  16  172  3.7
2014  11  17  168  2.7
2014  11  18  167  2.3
2014  11  19  170  2.7
2014  11  20  168  2.7
2014  11  21  163  3.0
2014  11  22  167  2.0
2014  11  23  173  2.3
2014  11  24  172  2.3
2014  11  25  169  1.3
2014  11  26  171  2.0
2014  11  27  179  2.0
2014  11  30  177  2.0
2014  12  1  168  3.0
2014  12  2  168  2.3
2014  12  3  154  2.0
2014  12  4  158  2.0
2014  12  5  137  2.3
2014  12  6  129  2.3
2014  12  7  132  3.7
2014  12  8  133  2.7
2014  12  9  140  3.0
2014  12  10  150  2.0
2014  12  11  148  1.0
2014  12  12  154  5.0
2014  12  13  160  2.0
2014  12  14  166  3.0
2014  12  15  169  3.0
2014  12  16  185  3.0
2014  12  17  192  1.0
2014  12  18  213  1.0
2014  12  19  216  1.0
2014  12  20  203  2.0
2014  12  21  206  3.0
2014  12  22  179  2.0
2014  12  23  166  2.0
2014  12  24  151  4.0
2014  12  25  145  3.0
2014  12  26  137  2.0
2014  12  27  134  2.0
2014  12  28  133  1.0
2014  12  29  132  4.0
2014  12  30  130  2.0
2014  12  31  134  2.0
2015  1  1  138  1.0
2015  1  2  146  3.0
2015  1  3  149  3.0
2015  1  4  150  4.0
2015  1  5  142  2.0
2015  1  6  142  2.0
2015  1  7  147  4.0
2015  1  8  157  2.0
2015  1  9  151  2.0
2015  1  10  152  3.0
2015  1  11  154  2.0
2015  1  12  159  3.0
2015  1  13  146  3.0
2015  1  14  142  3.0
2015  1  15  131  3.0
2015  1  16  125  2.0
2015  1  17  122  1.0
2015  1  18  126  2.0
2015  1  19  130  1.0
2015  1  20  126  1.0
2015  1  21  124  2.0
2015  1  22  120  3.0
2015  1  23  121  2.0
2015  1  24  125  2.0
2015  1  25  127  1.0
2015  1  26  147  3.0
2015  1  27  158  2.0
2015  1  28  159  1.0
2015  1  29  165  2.0
2015  1  30  159  1.0
2015  1  31  154  2.0
2015  2  1  142  2.0
2015  2  2  144  3.0
2015  2  3  149  2.0
2015  2  4  145  3.0
2015  2  5  142  3.0
2015  2  6  143  2.0
2015  2  7  153  2.0
2015  2  8  153  2.0
2015  2  9  146  3.0
2015  2  10  141  1.0
2015  2  11  131  2.0
2015  2  12  128  2.0
2015  2  13  125  1.0
2015  2  14  120  0.0
2015  2  15  120  3.0
2015  2  16  118  1.0
2015  2  17  119  3.0
2015  2  18  121  2.0
2015  2  19  119  1.0
2015  2  20  120  2.0
2015  2  21  116  2.0
2015  2  22  118  1.0
2015  2  23  117  3.0
2015  2  24  114  3.0
2015  2  25  111  3.0
2015  2  26  111  1.0
2015  2  27  118  1.0
2015  2  28  123  2.0
2015  3  1  128  2.0
2015  3  2  130  4.0
2015  3  3  125  2.0
2015  3  4  124  3.0
2015  3  5  130  2.0
2015  3  6  127  2.0
2015  3  7  138  2.0
2015  3  8  124  4.0
2015  3  9  123  1.0
2015  3  10  121  1.0
2015  3  11  132  2.0
2015  3  12  127  2.0
2015  3  13  119  3.0
2015  3  14  116  2.0
2015  3  15  114  1.0
2015  3  16  117  2.0
2015  3  17  114  8.0
2015  3  18  114  5.0
2015  3  19  109  5.0
2015  3  20  113  3.0
2015  3  21  114  2.0
2015  3  22  122  4.0
2015  3  23  128  4.0
2015  3  24  133  3.0
2015  3  25  138  3.0
2015  3  26  136  2.0
2015  3  27  138  3.0
2015  3  28  146  2.0
2015  3  29  145  3.0
2015  3  30  134  1.0
2015  3  31  128  3.0
2015  4  1  124  2.0
2015  4  2  121  3.0
2015  4  3  120  3.0
2015  4  4  122  3.0
2015  4  5  122  1.0
2015  4  6  126  2.0
2015  4  7  111  1.0
2015  4  8  106  1.0
2015  4  9  113  3.0
2015  4  10  115  4.0
2015  4  11  123  3.0
2015  4  12  134  1.0
2015  4  13  141  2.0
2015  4  14  147  3.0
2015  4  15  155  5.0
2015  4  16  150  3.0
2015  4  17  150  3.0
2015  4  18  148  2.7
2015  4  19  152  2.3
2015  4  20  150  2.7
2015  4  21  154  4.0
2015  4  22  150  3.3
2015  4  23  141  2.3
2015  4  24  135  2.0
2015  4  25  126  2.0
2015  4  26  119  1.0
2015  4  27  108  1.3
2015  4  28  108  1.7
2015  4  29  104  1.3
2015  4  30  102  2.0
2015  5  1  100  2.0
2015  5  2  106  2.0
2015  5  3  111  2.3
2015  5  4  125  2.0
2015  5  6  136  3.7
2015  5  7  147  1.7
2015  5  8  150  2.0
2015  5  10  160  2.3
2015  5  11  163  2.7
2015  5  13  157  4.7
2015  5  14  145  3.0
2015  5  16  131  1.7
2015  5  17  120  2.7
2015  5  19  110  3.7
2015  5  20  106  2.3
2015  5  21  102  1.0
2015  5  22  99  1.0
2015  5  23  98  1.3
2015  5  24  99  1.0
2015  5  25  97  1.3
2015  5  26  95  1.3
2015  5  27  95  1.3
2015  5  28  93  2.0
2015  5  29  92  2.0
2015  5  31  94  1.3
2015  6  1  100  2.0
2015  6  2  101  1.3
2015  6  3  109  1.3
2015  6  4  118  1.0
2015  6  5  126  0.7
2015  6  6  133  1.7
2015  6  7  137  2.0
2015  6  8  134  4.3
2015  6  9  137  3.0
2015  6  10  135  2.3
2015  6  11  140  2.3
2015  6  12  118  2.0
2015  6  13  136  2.3
2015  6  14  132  3.3
2015  6  15  135  3.3
2015  6  16  136  2.7
2015  6  17  136  2.7
2015  6  18  151  1.3
2015  6  19  137  1.7
2015  6  20  135  1.3
2015  6  21  136  1.3
2015  6  22  135  4.0
2015  6  23  116  6.0
2015  6  24  110  3.3
2015  6  25  102  5.0
2015  6  26  101  2.0
2015  6  27  97  2.0
2015  6  28  97  3.0
2015  6  29  97  2.0
2015  6  30  101  1.0
2015  7  1  109  2.0
2015  7  2  114  1.0
2015  7  3  112  1.0
2015  7  4  117  3.0
2015  7  5  125  3.0
2015  7  6  133  1.0
2015  7  7  133  1.0
2015  7  8  129  1.0
2015  7  9  122  2.0
2015  7  10  129  1.0
2015  7  11  120  3.0
2015  7  12  116  2.7
2015  7  13  110  4.3
2015  7  14  105  2.3
2015  7  15  101  2.0
2015  7  16  100  2.0
2015  7  17  97  2.0
2015  7  18  96  1.0
2015  7  19  99  1.7
2015  7  20  93  1.3
2015  7  21  91  2.3
2015  7  22  89  2.0
2015  7  23  89  3.3
2015  7  24  92  2.3
2015  7  25  94  2.3
2015  7  26  97  2.0
2015  7  27  100  2.3
2015  7  28  101  2.3
2015  7  29  101  1.7
2015  7  30  102  2.3
2015  7  31  101  3.0
2015  8  1  103  2.3
2015  8  2  102  2.7
2015  8  3  106  2.0
2015  8  4  107  1.7
2015  8  5  112  1.7
2015  8  6  122  2.7
2015  8  7  122  3.3
2015  8  8  121  2.7
2015  8  9  115  2.7
2015  8  10  106  2.3
2015  8  11  103  2.0
2015  8  12  99  2.3
2015  8  13  95  2.3
2015  8  14  93  1.3
2015  8  15  89  4.7
2015  8  16  86  4.3
2015  8  17  87  4.0
2015  8  18  89  2.7
2015  8  19  98  3.7
2015  8  20  103  2.7
2015  8  21  110  2.0
2015  8  22  117  2.3
2015  8  23  133  4.3
2015  8  24  128  2.7
2015  8  25  121  2.3
2015  8  26  126  4.0
2015  8  27  110  4.7
2015  8  28  109  5.0
2015  8  29  100  3.0
2015  8  30  92  1.7
2015  8  31  91  2.0
2015  9  1  89  2.7
2015  9  2  88  2.3
2015  9  3  87  2.3
2015  9  4  90  3.3
2015  9  5  85  2.7
2015  9  6  86  2.7
2015  9  7  84  4.7
2015  9  8  84  4.0
2015  9  9  82  5.3
2015  9  10  84  3.0
2015  9  11  93  5.3
2015  9  12  99  4.0
2015  9  13  99  2.3
2015  9  14  97  3.3
2015  9  15  101  3.3
2015  9  16  109  2.7
2015  9  18  103  2.3
2015  9  19  106  3.0
2015  9  20  110  4.7
2015  9  21  103  2.7
2015  9  23  111  2.7
2015  9  24  107  2.0
2015  9  25  120  2.3
2015  9  26  120  1.7
2015  9  27  128  1.7
2015  9  28  124  1.0
2015  9  29  129  2.0
2015  9  30  131  1.3
2015  10  1  120  2.3
2015  10  2  107  3.3
2015  10  3  97  3.0
2015  10  4  88  3.3
2015  10  5  83  3.3
2015  10  6  81  3.0
2015  10  7  81  5.7
2015  10  8  80  5.3
2015  10  9  81  4.0
2015  10  10  81  2.7
2015  10  11  85  2.7
2015  10  12  89  3.7
2015  10  13  96  3.7
2015  10  14  101  3.7
2015  10  15  107  3.0
2015  10  16  109  2.3
2015  10  17  117  2.7
2015  10  18  120  3.7
2015  10  19  124  1.3
2015  10  20  123  2.3
2015  10  21  129  2.7
2015  10  22  121  2.0
2015  10  23  115  1.3
2015  10  24  106  2.7
2015  10  25  106  2.3
2015  10  26  106  1.3
2015  10  27  110  1.3
2015  10  28  112  2.0
2015  10  29  113  2.0
2015  10  30  121  2.3
2015  10  31  119  1.3
2015  11  1  124  2.3
2015  11  2  122  3.7
2015  11  3  124  4.7
2015  11  4  114  4.7
2015  11  5  110  3.0
2015  11  7  115  4.7
2015  11  8  108  3.0
2015  11  9  108  3.7
2015  11  10  105  4.3
2015  11  11  105  4.0
2015  11  12  104  1.3
2015  11  13  103  3.0
2015  11  14  106  2.7
2015  11  15  106  2.0
2015  11  16  106  2.3
2015  11  17  107  2.3
2015  11  18  108  3.0
2015  11  19  108  2.7
2015  11  20  111  2.0
2015  11  21  122  1.3
2015  11  22  123  1.0
2015  11  23  120  1.3
2015  11  24  113  1.3
2015  11  25  109  0.3
2015  11  26  104  2.0
2015  11  27  99  2.0
2015  11  28  97  2.0
2015  11  29  96  2.0
2015  11  30  96  3.7
2015  12  1  95  3.0
2015  12  2  95  2.0
2015  12  3  95  1.3
2015  12  4  98  1.7
2015  12  5  101  3.0
2015  12  6  102  4.0
2015  12  7  101  3.7
2015  12  8  111  2.3
2015  12  9  109  2.3
2015  12  10  109  3.7
2015  12  11  114  3.7
2015  12  12  117  2.7
2015  12  13  123  2.3
2015  12  14  124  3.3
2015  12  15  119  3.0
2015  12  16  126  2.0
2015  12  17  118  2.3
2015  12  18  117  2.3
2015  12  19  119  2.7
2015  12  20  117  5.3
2015  12  21  122  4.7
2015  12  23  134  1.7
2015  12  24  133  2.7
2015  12  26  117  2.3
2015  12  27  110  2.3
2015  12  28  112  2.0
2015  12  29  105  1.7
2015  12  30  102  3.0
2015  12  31  96  4.7
2016  1  1  98  4.0
2016  1  4  95  2.7
2016  1  5  95  2.0
2016  1  6  100  3.0
2016  1  7  103  3.0
2016  1  8  109  2.3
2016  1  9  107  1.7
2016  1  10  109  1.7
2016  1  11  108  2.7
2016  1  12  106  3.3
2016  1  13  104  3.0
2016  1  14  103  2.3
2016  1  15  104  1.3
2016  1  16  100  1.3
2016  1  17  101  1.0
2016  1  18  100  1.3
2016  1  19  98  2.7
2016  1  20  100  3.7
2016  1  21  104  4.0
2016  1  22  101  3.0
2016  1  23  99  2.7
2016  1  24  104  2.7
2016  1  25  108  1.3
2016  1  26  115  1.0
2016  1  27  113  1.7
2016  2  6  117  2.0
2016  2  7  117  2.7
2016  2  8  115  3.3
2016  2  9  117  2.3
2016  2  10  112  1.7
2016  2  11  113  2.3
2016  2  12  112  2.7
2016  2  13  110  2.3
2016  2  14  108  3.0
2016  2  15  107  2.7
2016  2  16  104  4.7
2016  2  17  100  4.0
2016  2  18  95  4.3
2016  2  19  94  2.7
2016  2  20  100  2.0
2016  2  21  96  1.0
2016  2  22  94  1.0
2016  2  23  91  1.3
2016  2  24  88  2.0
2016  2  25  92  1.7
2016  2  26  89  2.0
2016  2  27  90  1.3
2016  2  28  93  1.3
2016  2  29  91  1.3
2016  3  1  97  2.3
2016  3  2  98  2.0
2016  3  3  99  2.0
2016  3  4  101  1.3
2016  3  5  96  1.3
2016  3  6  96  3.7
2016  3  7  94  3.7
2016  3  8  96  2.3
2016  3  9  97  1.7
2016  3  10  95  2.3
2016  3  11  94  3.7
2016  3  12  95  3.0
2016  3  13  93  1.0
2016  3  14  93  3.0
2016  3  15  94  4.0
2016  3  16  91  3.3
2016  3  17  92  3.3
2016  3  18  90  2.3
2016  3  19  89  3.3
2016  3  20  88  2.3
2016  3  21  89  2.0
2016  3  22  87  2.0
2016  3  23  87  2.3
2016  3  25  86  1.3
2016  3  26  86  1.0
2016  3  27  88  3.0
2016  3  28  88  2.3
2016  3  29  88  2.7
2016  3  30  84  2.3
2016  3  31  82  2.0
2016  4  1  82  1.3
2016  4  2  82  3.7
2016  4  3  82  2.7
